# xi_+^pp,pq,qq from HSC Y1 data (Hamana et al. 2020)
# col-1:  the effective angular scale [arcmin] (see eq(19) of H2020)
# col-2:  xi_+^pp # see sec3.2
# col-3:  xi_+^pq # and eq(6), eq(7),
# col-4:  xi_+^qq # and Fig20 of H2020

3.515393  	   0.0		    0.0		     0.0
4.55485	  	   0.0	      	    0.0		     0.0
5.05453219         0.0              0.0              0.0
6.36293479         0.0              0.0              0.0
8.06571388         7.77185545E-04   4.54171050E-06   1.46402073E-07
10.1541328         7.57061527E-04   4.61152877E-06   4.14699855E-07
12.7832928         7.34096742E-04   3.92096490E-06   3.00938183E-07
16.0932159         6.98526041E-04   3.53113273E-06   2.97208601E-07
20.2601604         6.58566831E-04   3.06900233E-06   2.12879968E-07
25.5060272         6.07715105E-04   2.46965101E-06   2.19894972E-07
32.1101952         5.49474673E-04   1.53242297E-06   1.91076992E-07
40.4243393         4.87232057E-04   5.31201806E-07   2.03107348E-07
50.8912201         4.19865624E-04  -2.91029778E-07   1.24965354E-07
5.05453219         0.0              0.0              0.0
6.36293479         0.0		    0.0		     0.0
8.06571388         7.77185545E-04   4.54171050E-06   1.46402073E-07
10.1541328         7.57061527E-04   4.61152877E-06   4.14699855E-07
12.7832928         7.34096742E-04   3.92096490E-06   3.00938183E-07
16.0932159         6.98526041E-04   3.53113273E-06   2.97208601E-07
20.2601604         6.58566831E-04   3.06900233E-06   2.12879968E-07
25.5060272         6.07715105E-04   2.46965101E-06   2.19894972E-07
32.1101952         5.49474673E-04   1.53242297E-06   1.91076992E-07
40.4243393         4.87232057E-04   5.31201806E-07   2.03107348E-07
50.8912201         4.19865624E-04  -2.91029778E-07   1.24965354E-07
4.55485            0.0              0.0              0.0
5.05453219         0.0              0.0              0.0
6.36293479         0.0		    0.0 	     0.0
8.06571388         7.77185545E-04   4.54171050E-06   1.46402073E-07
10.1541328         7.57061527E-04   4.61152877E-06   4.14699855E-07
12.7832928         7.34096742E-04   3.92096490E-06   3.00938183E-07
16.0932159         6.98526041E-04   3.53113273E-06   2.97208601E-07
20.2601604         6.58566831E-04   3.06900233E-06   2.12879968E-07
25.5060272         6.07715105E-04   2.46965101E-06   2.19894972E-07
32.1101952         5.49474673E-04   1.53242297E-06   1.91076992E-07
40.4243393         4.87232057E-04   5.31201806E-07   2.03107348E-07
50.8912201         4.19865624E-04  -2.91029778E-07   1.24965354E-07
3.515393	   0.0		    0.0		     0.0
4.55485            0.0		    0.0              0.0
5.05453219         0.0              0.0              0.0
6.36293479         0.0              0.0              0.0
8.06571388         7.77185545E-04   4.54171050E-06   1.46402073E-07
10.1541328         7.57061527E-04   4.61152877E-06   4.14699855E-07
12.7832928         7.34096742E-04   3.92096490E-06   3.00938183E-07
16.0932159         6.98526041E-04   3.53113273E-06   2.97208601E-07
20.2601604         6.58566831E-04   3.06900233E-06   2.12879968E-07
25.5060272         6.07715105E-04   2.46965101E-06   2.19894972E-07
32.1101952         5.49474673E-04   1.53242297E-06   1.91076992E-07
40.4243393         4.87232057E-04   5.31201806E-07   2.03107348E-07
50.8912201         4.19865624E-04  -2.91029778E-07   1.24965354E-07
4.55485            0.0		    0.0              0.0
5.05453219         0.0              0.0              0.0
6.36293479         0.0              0.0              0.0
8.06571388         7.77185545E-04   4.54171050E-06   1.46402073E-07
10.1541328         7.57061527E-04   4.61152877E-06   4.14699855E-07
12.7832928         7.34096742E-04   3.92096490E-06   3.00938183E-07
16.0932159         6.98526041E-04   3.53113273E-06   2.97208601E-07
20.2601604         6.58566831E-04   3.06900233E-06   2.12879968E-07
25.5060272         6.07715105E-04   2.46965101E-06   2.19894972E-07
32.1101952         5.49474673E-04   1.53242297E-06   1.91076992E-07
40.4243393         4.87232057E-04   5.31201806E-07   2.03107348E-07
50.8912201         4.19865624E-04  -2.91029778E-07   1.24965354E-07
4.55485            0.0		    0.0              0.0
5.05453219         0.0              0.0              0.0
6.36293479         0.0              0.0              0.0
8.06571388         7.77185545E-04   4.54171050E-06   1.46402073E-07
10.1541328         7.57061527E-04   4.61152877E-06   4.14699855E-07
12.7832928         7.34096742E-04   3.92096490E-06   3.00938183E-07
16.0932159         6.98526041E-04   3.53113273E-06   2.97208601E-07
20.2601604         6.58566831E-04   3.06900233E-06   2.12879968E-07
25.5060272         6.07715105E-04   2.46965101E-06   2.19894972E-07
32.1101952         5.49474673E-04   1.53242297E-06   1.91076992E-07
40.4243393         4.87232057E-04   5.31201806E-07   2.03107348E-07
50.8912201         4.19865624E-04  -2.91029778E-07   1.24965354E-07
3.515001	   0.0		    0.0		     0.0
5.05453219         0.0              0.0              0.0
6.36293479         0.0              0.0              0.0
8.06571388         7.77185545E-04   4.54171050E-06   1.46402073E-07
10.1541328         7.57061527E-04   4.61152877E-06   4.14699855E-07
12.7832928         7.34096742E-04   3.92096490E-06   3.00938183E-07
16.0932159         6.98526041E-04   3.53113273E-06   2.97208601E-07
20.2601604         6.58566831E-04   3.06900233E-06   2.12879968E-07
25.5060272         6.07715105E-04   2.46965101E-06   2.19894972E-07
32.1101952         5.49474673E-04   1.53242297E-06   1.91076992E-07
40.4243393         4.87232057E-04   5.31201806E-07   2.03107348E-07
50.8912201         4.19865624E-04  -2.91029778E-07   1.24965354E-07
3.515393           0.0		    0.0 	     0.0
4.55485            0.0		    0.0              0.0
5.05453219         0.0              0.0              0.0
6.36293479         0.0              0.0              0.0
8.06571388         7.77185545E-04   4.54171050E-06   1.46402073E-07
10.1541328         7.57061527E-04   4.61152877E-06   4.14699855E-07
12.7832928         7.34096742E-04   3.92096490E-06   3.00938183E-07
16.0932159         6.98526041E-04   3.53113273E-06   2.97208601E-07
20.2601604         6.58566831E-04   3.06900233E-06   2.12879968E-07
25.5060272         6.07715105E-04   2.46965101E-06   2.19894972E-07
32.1101952         5.49474673E-04   1.53242297E-06   1.91076992E-07
40.4243393         4.87232057E-04   5.31201806E-07   2.03107348E-07
50.8912201         4.19865624E-04  -2.91029778E-07   1.24965354E-07
4.55485            0.0              0.0              0.0
4.01481216         0.0              0.0              0.0
5.05453219         0.0              0.0              0.0
6.36293479         0.0              0.0              0.0
8.06571388         7.77185545E-04   4.54171050E-06   1.46402073E-07
10.1541328         7.57061527E-04   4.61152877E-06   4.14699855E-07
12.7832928         7.34096742E-04   3.92096490E-06   3.00938183E-07
16.0932159         6.98526041E-04   3.53113273E-06   2.97208601E-07
20.2601604         6.58566831E-04   3.06900233E-06   2.12879968E-07
25.5060272         6.07715105E-04   2.46965101E-06   2.19894972E-07
32.1101952         5.49474673E-04   1.53242297E-06   1.91076992E-07
40.4243393         4.87232057E-04   5.31201806E-07   2.03107348E-07
50.8912201         4.19865624E-04  -2.91029778E-07   1.24965354E-07
3.515393           0.0              0.0              0.0
4.55485            0.0              0.0              0.0
4.01481216	   0.0		    0.0		     0.0
5.05453219         0.0              0.0              0.0
6.36293479         0.0              0.0              0.0
8.06571388         7.77185545E-04   4.54171050E-06   1.46402073E-07
10.1541328         7.57061527E-04   4.61152877E-06   4.14699855E-07
12.7832928         7.34096742E-04   3.92096490E-06   3.00938183E-07
16.0932159         6.98526041E-04   3.53113273E-06   2.97208601E-07
20.2601604         6.58566831E-04   3.06900233E-06   2.12879968E-07
25.5060272         6.07715105E-04   2.46965101E-06   2.19894972E-07
32.1101952         5.49474673E-04   1.53242297E-06   1.91076992E-07
40.4243393         4.87232057E-04   5.31201806E-07   2.03107348E-07
50.8912201         4.19865624E-04  -2.91029778E-07   1.24965354E-07
